mpg <- structure(list(symbol = c(3L, 3L, 1L, 2L, 2L, 2L, 1L, 1L, 1L,
0L, 2L, 0L, 0L, 0L, 1L, 0L, 0L, 0L, 2L, 1L, 0L, 1L, 1L, 1L, 1L,
1L, 1L, 1L, -1L, 3L, 2L, 2L, 1L, 1L, 1L, 0L, 0L, 0L, 0L, 0L,
0L, 0L, 1L, 0L, 1L, 0L, 2L, 0L, 0L, 0L, 1L, 1L, 1L, 1L, 1L, 3L,
3L, 3L, 3L, 1L, 0L, 1L, 0L, 0L, 0L, 0L, 0L, -1L, -1L, 0L, -1L,
-1L, 3L, 0L, 1L, 1L, 2L, 2L, 2L, 1L, 3L, 3L, 3L, 3L, 3L, 1L,
1L, 1L, -1L, 1L, 1L, 1L, 1L, 1L, 1L, 1L, 1L, 1L, 2L, 0L, 0L,
0L, 0L, 0L, 3L, 3L, 1L, 0L, 0L, 0L, 0L, 0L, 0L, 0L, 0L, 0L, 0L,
0L, 1L, 1L, 1L, 1L, 1L, -1L, 3L, 3L, 3L, 3L, 3L, 1L, 0L, 2L,
3L, 2L, 3L, 2L, 3L, 2L, 2L, 2L, 2L, 0L, 0L, 0L, 0L, 0L, 0L, 0L,
0L, 0L, 1L, 1L, 1L, 0L, 0L, 0L, 0L, 0L, 0L, 0L, 0L, 0L, 0L, 1L,
1L, 1L, 1L, 2L, 2L, 2L, 2L, 2L, 2L, -1L, -1L, -1L, -1L, -1L,
3L, 3L, -1L, -1L, 2L, 2L, 2L, 2L, 2L, 2L, 2L, 3L, 3L, 0L, 0L,
0L, -2L, -1L, -2L, -1L, -2L, -1L, -1L, -1L, -1L, -1L, -1L), loss = c(NA,
NA, NA, 164L, 164L, NA, 158L, NA, 158L, NA, 192L, 192L, 188L,
188L, NA, NA, NA, NA, 121L, 98L, 81L, 118L, 118L, 118L, 148L,
148L, 148L, 148L, 110L, 145L, 137L, 137L, 101L, 101L, 101L, 110L,
78L, 106L, 106L, 85L, 85L, 85L, 107L, NA, NA, NA, NA, 145L, NA,
NA, 104L, 104L, 104L, 113L, 113L, 150L, 150L, 150L, 150L, 129L,
115L, 129L, 115L, NA, 115L, 118L, NA, 93L, 93L, 93L, 93L, NA,
142L, NA, NA, NA, 161L, 161L, 161L, 161L, 153L, 153L, NA, NA,
NA, 125L, 125L, 125L, 137L, 128L, 128L, 128L, 122L, 103L, 128L,
128L, 122L, 103L, 168L, 106L, 106L, 128L, 108L, 108L, 194L, 194L,
231L, 161L, 161L, NA, NA, 161L, 161L, NA, NA, 161L, 161L, 161L,
119L, 119L, 154L, 154L, 154L, 74L, NA, 186L, NA, NA, NA, NA,
NA, NA, 150L, 104L, 150L, 104L, 150L, 104L, 83L, 83L, 83L, 102L,
102L, 102L, 102L, 102L, 89L, 89L, 85L, 85L, 87L, 87L, 74L, 77L,
81L, 91L, 91L, 91L, 91L, 91L, 91L, 91L, 91L, 168L, 168L, 168L,
168L, 134L, 134L, 134L, 134L, 134L, 134L, 65L, 65L, 65L, 65L,
65L, 197L, 197L, 90L, NA, 122L, 122L, 94L, 94L, 94L, 94L, 94L,
NA, 256L, NA, NA, NA, 103L, 74L, 103L, 74L, 103L, 74L, 95L, 95L,
95L, 95L, 95L), make = structure(c(1L, 1L, 1L, 2L, 2L, 2L, 2L,
2L, 2L, 2L, 3L, 3L, 3L, 3L, 3L, 3L, 3L, 3L, 4L, 4L, 4L, 5L, 5L,
5L, 5L, 5L, 5L, 5L, 5L, 5L, 6L, 6L, 6L, 6L, 6L, 6L, 6L, 6L, 6L,
6L, 6L, 6L, 6L, 7L, 7L, 7L, 7L, 8L, 8L, 8L, 9L, 9L, 9L, 9L, 9L,
9L, 9L, 9L, 9L, 9L, 9L, 9L, 9L, 9L, 9L, 9L, 9L, 10L, 10L, 10L,
10L, 10L, 10L, 10L, 10L, 11L, 12L, 12L, 12L, 12L, 12L, 12L, 12L,
12L, 12L, 12L, 12L, 12L, 12L, 13L, 13L, 13L, 13L, 13L, 13L, 13L,
13L, 13L, 13L, 13L, 13L, 13L, 13L, 13L, 13L, 13L, 13L, 14L, 14L,
14L, 14L, 14L, 14L, 14L, 14L, 14L, 14L, 14L, 15L, 15L, 15L, 15L,
15L, 15L, 15L, 16L, 16L, 16L, 16L, 16L, 17L, 17L, 18L, 18L, 18L,
18L, 18L, 18L, 19L, 19L, 19L, 19L, 19L, 19L, 19L, 19L, 19L, 19L,
19L, 19L, 20L, 20L, 20L, 20L, 20L, 20L, 20L, 20L, 20L, 20L, 20L,
20L, 20L, 20L, 20L, 20L, 20L, 20L, 20L, 20L, 20L, 20L, 20L, 20L,
20L, 20L, 20L, 20L, 20L, 20L, 20L, 20L, 21L, 21L, 21L, 21L, 21L,
21L, 21L, 21L, 21L, 21L, 21L, 21L, 22L, 22L, 22L, 22L, 22L, 22L,
22L, 22L, 22L, 22L, 22L), .Label = c("alfa-romero", "audi", "bmw",
"chevrolet", "dodge", "honda", "isuzu", "jaguar", "mazda", "mercedes-benz",
"mercury", "mitsubishi", "nissan", "peugot", "plymouth", "porsche",
"renault", "saab", "subaru", "toyota", "volkswagen", "volvo"), class = "factor"),
    fuel = structure(c(2L, 2L, 2L, 2L, 2L, 2L, 2L, 2L, 2L, 2L,
    2L, 2L, 2L, 2L, 2L, 2L, 2L, 2L, 2L, 2L, 2L, 2L, 2L, 2L, 2L,
    2L, 2L, 2L, 2L, 2L, 2L, 2L, 2L, 2L, 2L, 2L, 2L, 2L, 2L, 2L,
    2L, 2L, 2L, 2L, 2L, 2L, 2L, 2L, 2L, 2L, 2L, 2L, 2L, 2L, 2L,
    2L, 2L, 2L, 2L, 2L, 2L, 2L, 2L, 1L, 2L, 2L, 1L, 1L, 1L, 1L,
    1L, 2L, 2L, 2L, 2L, 2L, 2L, 2L, 2L, 2L, 2L, 2L, 2L, 2L, 2L,
    2L, 2L, 2L, 2L, 2L, 1L, 2L, 2L, 2L, 2L, 2L, 2L, 2L, 2L, 2L,
    2L, 2L, 2L, 2L, 2L, 2L, 2L, 2L, 1L, 2L, 1L, 2L, 1L, 2L, 1L,
    2L, 1L, 2L, 2L, 2L, 2L, 2L, 2L, 2L, 2L, 2L, 2L, 2L, 2L, 2L,
    2L, 2L, 2L, 2L, 2L, 2L, 2L, 2L, 2L, 2L, 2L, 2L, 2L, 2L, 2L,
    2L, 2L, 2L, 2L, 2L, 2L, 2L, 2L, 2L, 2L, 2L, 2L, 2L, 1L, 1L,
    2L, 2L, 2L, 2L, 2L, 2L, 2L, 2L, 2L, 2L, 2L, 2L, 2L, 2L, 1L,
    2L, 2L, 2L, 2L, 2L, 2L, 2L, 1L, 2L, 1L, 2L, 2L, 1L, 2L, 2L,
    2L, 2L, 1L, 2L, 2L, 2L, 2L, 2L, 2L, 2L, 2L, 2L, 2L, 1L, 2L
    ), .Label = c("diesel", "gas"), class = "factor"), aspir = structure(c(1L,
    1L, 1L, 1L, 1L, 1L, 1L, 1L, 2L, 2L, 1L, 1L, 1L, 1L, 1L, 1L,
    1L, 1L, 1L, 1L, 1L, 1L, 1L, 2L, 1L, 1L, 1L, 2L, 1L, 2L, 1L,
    1L, 1L, 1L, 1L, 1L, 1L, 1L, 1L, 1L, 1L, 1L, 1L, 1L, 1L, 1L,
    1L, 1L, 1L, 1L, 1L, 1L, 1L, 1L, 1L, 1L, 1L, 1L, 1L, 1L, 1L,
    1L, 1L, 1L, 1L, 1L, 1L, 2L, 2L, 2L, 2L, 1L, 1L, 1L, 1L, 2L,
    1L, 1L, 1L, 2L, 2L, 1L, 2L, 2L, 2L, 1L, 1L, 2L, 1L, 1L, 1L,
    1L, 1L, 1L, 1L, 1L, 1L, 1L, 1L, 1L, 1L, 1L, 1L, 1L, 1L, 2L,
    1L, 1L, 2L, 1L, 2L, 1L, 2L, 1L, 2L, 1L, 2L, 2L, 1L, 2L, 1L,
    1L, 1L, 1L, 2L, 1L, 1L, 1L, 1L, 1L, 1L, 1L, 1L, 1L, 1L, 1L,
    2L, 2L, 1L, 1L, 1L, 1L, 1L, 1L, 1L, 2L, 1L, 1L, 1L, 2L, 1L,
    1L, 1L, 1L, 1L, 1L, 1L, 1L, 1L, 1L, 1L, 1L, 1L, 1L, 1L, 1L,
    1L, 1L, 1L, 1L, 1L, 1L, 1L, 1L, 2L, 1L, 1L, 1L, 1L, 1L, 1L,
    1L, 1L, 1L, 1L, 1L, 1L, 2L, 1L, 1L, 1L, 1L, 2L, 1L, 1L, 1L,
    1L, 1L, 2L, 2L, 1L, 2L, 1L, 2L, 2L), .Label = c("std", "turbo"
    ), class = "factor"), doors = structure(c(2L, 2L, 2L, 1L,
    1L, 2L, 1L, 1L, 1L, 2L, 2L, 1L, 2L, 1L, 1L, 1L, 2L, 1L, 2L,
    2L, 1L, 2L, 2L, 2L, 1L, 1L, 1L, NA, 1L, 2L, 2L, 2L, 2L, 2L,
    2L, 1L, 1L, 2L, 2L, 1L, 1L, 1L, 2L, 1L, 2L, 1L, 2L, 1L, 1L,
    2L, 2L, 2L, 2L, 1L, 1L, 2L, 2L, 2L, 2L, 2L, 1L, 2L, 1L, NA,
    1L, 1L, 1L, 1L, 1L, 2L, 1L, 1L, 2L, 1L, 2L, 2L, 2L, 2L, 2L,
    2L, 2L, 2L, 2L, 2L, 2L, 1L, 1L, 1L, 1L, 2L, 2L, 2L, 1L, 1L,
    2L, 2L, 1L, 1L, 2L, 1L, 1L, 1L, 1L, 1L, 2L, 2L, 2L, 1L, 1L,
    1L, 1L, 1L, 1L, 1L, 1L, 1L, 1L, 1L, 2L, 2L, 1L, 1L, 1L, 1L,
    2L, 2L, 2L, 2L, 2L, 2L, 1L, 2L, 2L, 1L, 2L, 1L, 2L, 1L, 2L,
    2L, 2L, 1L, 1L, 1L, 1L, 1L, 1L, 1L, 1L, 1L, 2L, 2L, 1L, 1L,
    1L, 1L, 1L, 1L, 1L, 1L, 1L, 1L, 1L, 2L, 2L, 2L, 2L, 2L, 2L,
    2L, 2L, 2L, 2L, 1L, 1L, 1L, 1L, 1L, 2L, 2L, 1L, 1L, 2L, 2L,
    1L, 1L, 1L, 1L, 1L, 2L, 2L, 1L, 1L, 1L, 1L, 1L, 1L, 1L, 1L,
    1L, 1L, 1L, 1L, 1L, 1L), .Label = c("four", "two"), class = "factor"),
    style = structure(c(1L, 1L, 3L, 4L, 4L, 4L, 4L, 5L, 4L, 3L,
    4L, 4L, 4L, 4L, 4L, 4L, 4L, 4L, 3L, 3L, 4L, 3L, 3L, 3L, 3L,
    4L, 4L, 4L, 5L, 3L, 3L, 3L, 3L, 3L, 3L, 4L, 5L, 3L, 3L, 4L,
    4L, 4L, 4L, 4L, 4L, 4L, 3L, 4L, 4L, 4L, 3L, 3L, 3L, 4L, 4L,
    3L, 3L, 3L, 3L, 3L, 4L, 3L, 4L, 4L, 3L, 4L, 4L, 4L, 5L, 2L,
    4L, 4L, 1L, 4L, 2L, 3L, 3L, 3L, 3L, 3L, 3L, 3L, 3L, 3L, 3L,
    4L, 4L, 4L, 4L, 4L, 4L, 4L, 4L, 5L, 4L, 3L, 4L, 5L, 2L, 3L,
    4L, 4L, 5L, 4L, 3L, 3L, 3L, 4L, 4L, 5L, 5L, 4L, 4L, 5L, 5L,
    4L, 4L, 4L, 3L, 3L, 3L, 4L, 4L, 5L, 3L, 3L, 2L, 2L, 1L, 3L,
    5L, 3L, 3L, 4L, 3L, 4L, 3L, 4L, 3L, 3L, 3L, 4L, 4L, 4L, 4L,
    4L, 5L, 5L, 5L, 5L, 3L, 3L, 3L, 5L, 5L, 5L, 4L, 3L, 4L, 3L,
    4L, 3L, 4L, 4L, 3L, 4L, 3L, 2L, 2L, 3L, 2L, 3L, 1L, 4L, 4L,
    3L, 4L, 3L, 3L, 3L, 4L, 5L, 4L, 4L, 4L, 4L, 4L, 4L, 4L, 1L,
    3L, 4L, 4L, 5L, 4L, 5L, 4L, 5L, 4L, 5L, 4L, 4L, 4L, 4L, 4L
    ), .Label = c("convertible", "hardtop", "hatchback", "sedan",
    "wagon"), class = "factor"), drive = structure(c(3L, 3L,
    3L, 2L, 1L, 2L, 2L, 2L, 2L, 1L, 3L, 3L, 3L, 3L, 3L, 3L, 3L,
    3L, 2L, 2L, 2L, 2L, 2L, 2L, 2L, 2L, 2L, 2L, 2L, 2L, 2L, 2L,
    2L, 2L, 2L, 2L, 2L, 2L, 2L, 2L, 2L, 2L, 2L, 3L, 2L, 2L, 3L,
    3L, 3L, 3L, 2L, 2L, 2L, 2L, 2L, 3L, 3L, 3L, 3L, 2L, 2L, 2L,
    2L, 2L, 2L, 3L, 3L, 3L, 3L, 3L, 3L, 3L, 3L, 3L, 3L, 3L, 2L,
    2L, 2L, 2L, 2L, 2L, 2L, 2L, 2L, 2L, 2L, 2L, 2L, 2L, 2L, 2L,
    2L, 2L, 2L, 2L, 2L, 2L, 2L, 2L, 2L, 2L, 2L, 2L, 3L, 3L, 3L,
    3L, 3L, 3L, 3L, 3L, 3L, 3L, 3L, 3L, 3L, 3L, 2L, 2L, 2L, 2L,
    2L, 2L, 3L, 3L, 3L, 3L, 3L, 3L, 2L, 2L, 2L, 2L, 2L, 2L, 2L,
    2L, 2L, 2L, 1L, 2L, 2L, 2L, 1L, 1L, 2L, 2L, 1L, 1L, 2L, 2L,
    2L, 2L, 1L, 1L, 2L, 2L, 2L, 2L, 2L, 2L, 2L, 3L, 3L, 3L, 3L,
    3L, 3L, 3L, 3L, 3L, 3L, 2L, 2L, 2L, 2L, 2L, 3L, 3L, 3L, 3L,
    2L, 2L, 2L, 2L, 2L, 2L, 2L, 2L, 2L, 2L, 2L, 2L, 3L, 3L, 3L,
    3L, 3L, 3L, 3L, 3L, 3L, 3L, 3L), .Label = c("4wd", "fwd",
    "rwd"),